Neural Network performance stats

default neural network emotion accuracy score :0.43475730415551156

classification report of default neural network for emotion
              precision    recall  f1-score   support

           0       0.52      0.49      0.51      2020
           1       0.52      0.61      0.56      1199
           2       0.35      0.27      0.30      1018
           3       0.23      0.11      0.14      1668
           4       0.30      0.10      0.15      2259
           5       0.31      0.12      0.17       713
           6       0.38      0.14      0.20      1003
           7       0.39      0.14      0.21      1148
           8       0.40      0.21      0.27       465
           9       0.29      0.07      0.12       950
          10       0.26      0.09      0.13      1544
          11       0.36      0.21      0.27       609
          12       0.36      0.17      0.23       274
          13       0.28      0.12      0.16       555
          14       0.42      0.41      0.42       354
          15       0.81      0.76      0.78      1396
          16       0.00      0.00      0.00        95
          17       0.38      0.24      0.29       878
          18       0.57      0.65      0.60      1035
          19       0.26      0.08      0.12       141
          20       0.42      0.78      0.55     11045
          21       0.50      0.32      0.39       958
          22       0.29      0.01      0.03       134
          23       0.32      0.08      0.13       925
          24       0.33      0.01      0.02       160
          25       0.39      0.41      0.40       321
          26       0.41      0.25      0.31       776
          27       0.39      0.27      0.32       721

    accuracy                           0.43     34364
   macro avg       0.37      0.25      0.28     34364
weighted avg       0.41      0.43      0.38     34364

confusion matrix of default neural network for emotion
[[ 998   28   10   18   52    9    5    4    2    4   12    6    1   20
     5   57    0   36   86    0  610   22    2    4    0    1    7   21]
 [  36  736    6   17    1    1    6    2    2    1    5    2    1    6
     0    7    0   22    9    0  317    3    0    2    0    0    7   10]
 [   9   15  270   90   11    3    3    3    2   10   21   19    0    2
    10    3    0    3    2    0  520    1    0    4    0    3    8    6]
 [  20   50  101  177   32    8   13   14    8   15   32   38    6    4
    13    8    0    6   12    0 1051    8    0   12    0    6   15   19]
 [ 120   32   13   36  217   23   14    6    9   10   31    9    2   15
    11   15    0   14   41    3 1563   25    0   13    0   10   17   10]
 [  19   12    8   15   12   82    2    1    6    3    4    2    1    1
     5    8    0   17   15    1  445   34    0    0    0    9   10    1]
 [  12   19   11    6    8    1  141   49    0    8    6    3    3    1
     2    3    0    6    8    2  693    7    0    4    0    2    1    7]
 [  24   22   11   10   10    2   23  160    3    2    7    4    2   11
     2    1    0    6    6    1  807    5    0    3    0    0    1   25]
 [   9    3    1    5    4    2    1    3   97    1    1    1    0    3
     2    5    0    4   13    0  272   34    0    0    0    1    2    1]
 [  12   17   16   34   15    5    4    1    8   70   13   19    7    4
    13    4    0    4    9    5  598   12    0    4    0   11   54   11]
 [  18   25   34   58   30    4   20    7    3    8  135   18    5    5
    14    7    0    4   13    2 1074   10    0   12    0   11   13   14]
 [   2    9   47   41    6    0    4    3    2    7   12  128   10    0
    15    3    0    1    1    0  301    1    1    1    0    1    7    6]
 [   3    6    6   11    1    0    3    1    0    3    1   14   47    0
     3    2    0    1    4    0  154    1    0    2    0    7    2    2]
 [  54    9    5    3    3    1    1   12    3    0    3    0    0   64
     2    6    0   50   20    2  284    4    0    0    0    0    2   27]
 [   3    6    5    3    3    3    0    3    0    2    3    7    0    1
   146    0    0    0    2    6  152    2    0    2    0    1    2    2]
 [  85   12    2    5    6   10    2    1    2    1    1    2    0    8
     1 1054    0   32   12    0  112   22    0    1    1   18    4    2]
 [   3    1    1    2    1    1    0    0    0    0    3    0    1    0
     5    1    0    1    3    0   56    0    0    0    0    7    9    0]
 [  68  106    7    3   14   10    1    2    2    1    2    2    1   21
     3   14    0  210   51    0  337    6    1    4    2    1    1    8]
 [  50   13    3    3    2    0    2    4    2    1    5    0    0    1
     2    8    0   22  668    0  232    7    0    3    0    2    3    2]
 [   1    3    4    4    5    2    1    0    0    3    0    2    2    1
     8    0    0    0    0   11   90    2    0    1    0    0    1    0]
 [ 261  226  162  178  200   61  102  124   59   53  159   61   30   32
    59   59    0   72  161    6 8629   88    1   68    1   36   69   88]
 [  31   15    2    9   32   18    9    0   20    4   12    1    3    7
     3   10    0    9   10    0  446  306    0    1    0    1    3    6]
 [  21    3    1    4    5    1    0    0    0    1    3    0    0    1
     0    1    0    7    2    0   76    4    2    1    0    0    0    1]
 [  22   20   12   16   23    7    7    3    1    3   21    5    2    6
    10    2    0    4   11    0  632    4    0   73    0   11   10   20]
 [   7    1    1    2    5    3    0    0    0    2    1    1    0    1
     0   11    0   10    3    2   99    5    0    1    2    0    3    0]
 [   0    3    2    3    4    4    1    0    3    3    7    1    4    0
     0    7    0    0    4    0  115    0    0    0    0  131   28    1]
 [   4    6    7   19    8    4    2    1    6   19   13    7    3    1
     8    5    0    4   10    0  373    3    0    5    0   68  192    8]
 [  33   11   17   12    7    0    6    8    1    3    4    4    0   16
     6    4    0    7    4    1  370    2    0   10    0    0    1  194]]
-------------------------x-------------------------

gridsearch cv neural network emotion accuracy score :0.4374636247235479

neural network emotion with grid cv best parameters  {'activation': 'tanh', 'hidden_layer_sizes': [30, 50], 'solver': 'adam'}

classification report of grid search neural network for emotion
              precision    recall  f1-score   support

           0       0.50      0.53      0.52      2020
           1       0.52      0.63      0.57      1199
           2       0.38      0.26      0.31      1018
           3       0.24      0.11      0.15      1668
           4       0.28      0.10      0.14      2259
           5       0.31      0.12      0.17       713
           6       0.43      0.11      0.17      1003
           7       0.38      0.14      0.21      1148
           8       0.42      0.22      0.28       465
           9       0.31      0.05      0.09       950
          10       0.25      0.07      0.11      1544
          11       0.39      0.20      0.27       609
          12       0.44      0.12      0.18       274
          13       0.40      0.09      0.14       555
          14       0.43      0.39      0.41       354
          15       0.80      0.77      0.78      1396
          16       0.00      0.00      0.00        95
          17       0.37      0.26      0.30       878
          18       0.60      0.61      0.61      1035
          19       0.28      0.05      0.08       141
          20       0.42      0.79      0.55     11045
          21       0.50      0.30      0.38       958
          22       1.00      0.01      0.01       134
          23       0.38      0.05      0.08       925
          24       0.00      0.00      0.00       160
          25       0.40      0.45      0.42       321
          26       0.38      0.24      0.29       776
          27       0.39      0.30      0.34       721

    accuracy                           0.44     34364
   macro avg       0.40      0.25      0.27     34364
weighted avg       0.41      0.44      0.38     34364


confusion matrix of grid search neural network for emotion
[[1075   23   11    7   58    8    3    2    3    0   11    7    1    7
     2   50    0   36   69    0  595   22    0    0    0    0    7   23]
 [  43  751    5   22    6    0    5    3    2    1    3    2    1    2
     0    8    0   27    8    0  289    2    0    0    0    0    6   13]
 [  10   16  268   92   12    1    1    4    2    2   13   16    1    1
    10    2    0    4    2    0  544    1    0    1    1    4    7    3]
 [  20   46   90  179   35   11    6   15    7    7   32   31    3    3
    11    8    0    7    7    0 1097    7    0    6    0    7   15   18]
 [ 129   31   11   29  221   25    8    7   11    9   26    8    1    6
     8   15    0   19   38    3 1585   20    0    7    0    8   17   17]
 [  22   12    4   11   11   84    3    1    6    1    8    1    1    0
     7   13    0   20   13    0  445   31    0    0    0    9    8    2]
 [  15   17   11    6   12    1  110   53    2    1   10    4    1    2
     5    3    0    5    6    1  719    3    0    3    0    2    2    9]
 [  30   23   12    9   11    2   16  166    1    2    6    2    1    9
     3    1    0    7    6    0  806    6    0    1    0    1    3   24]
 [  11    6    1    6    5    4    1    5  100    0    1    0    0    0
     1    6    0    7   11    0  269   27    0    0    0    1    2    1]
 [  10   15   15   29   17    7    1    2    7   47   14   18    0    3
     9    4    0    4    7    2  644   11    0    1    0   12   59   12]
 [  18   25   28   47   35    4   16    7    2    6  107   19    4    1
    14    9    0    3   13    0 1131    9    0    5    0   10   15   16]
 [   4    9   42   52    7    0    3    4    2    7   12  124    5    0
    13    3    0    0    1    0  305    1    0    1    0    1    7    6]
 [   4    7   10   13    2    0    2    1    0    6    3   10   32    0
     4    2    0    1    3    0  153    2    0    2    0   11    3    3]
 [  65   13    3    1    8    1    1   11    3    1    3    0    0   49
     2    7    0   51   17    2  278    5    0    0    0    1    1   32]
 [   2    8    2    3    4    2    0    2    1    1    3    7    0    1
   137    0    0    1    1    2  168    2    0    1    0    1    3    2]
 [  94   11    3    4    6    8    0    1    2    1    1    2    0    1
     1 1072    0   40   11    0   98   17    0    1    0   19    3    0]
 [   3    1    1    2    0    1    0    0    0    1    3    1    0    0
     4    1    0    1    1    0   59    0    0    0    0    7    9    0]
 [  85  121    6    4   13    8    0    4    2    0    0    2    0    3
     3   20    0  225   42    0  321    5    0    0    0    2    2   10]
 [  64   12    3    2   13    2    0    3    2    0    0    0    0    0
     1    7    0   25  632    0  257    4    0    0    0    2    3    3]
 [   2    2    3    2    4    1    1    0    0    3    0    1    1    1
     7    0    0    1    0    7  100    2    0    1    0    0    2    0]
 [ 308  224  146  162  221   60   64  137   46   29  124   48   14   24
    52   65    0   82  135    5 8767   87    0   28    0   35   81  101]
 [  33   17    2   10   33   15    6    0   23    4    5    1    0    2
     1   17    0   12    9    1  469  289    0    0    0    1    4    4]
 [  23    3    1    4    5    0    0    1    0    1    4    0    0    0
     0    1    0   11    1    0   72    4    1    1    0    0    0    1]
 [  22   24    8   17   26    9    6    4    0    1   15    4    1    0
     9    3    0    4    6    0  667    3    0   43    0   11   11   31]
 [   9    1    1    2    5    8    0    0    0    1    2    1    0    1
     0   14    0    8    2    1   96    4    0    1    0    0    3    0]
 [   1    5    1    3    3    6    0    0    4    3    6    0    3    0
     0    7    0    0    1    0  103    2    0    2    0  145   25    1]
 [   3    5    6   14   16    5    1    1    7   14   15    8    2    1
     5    5    0    5    8    0  385    5    0    3    0   73  183    6]
 [  32   13   17   12   14    0    2    8    2    1    2    5    0    4
     6    4    0    6    3    1  358    2    0    5    0    0    5  219]]
-------------------------x-------------------------

default neural network sentiment accuracy score :0.5697823303457106

classification report of default neural network for sentiment
              precision    recall  f1-score   support

           0       0.45      0.28      0.34      3797
           1       0.54      0.60      0.57      7750
           2       0.50      0.55      0.52     11045
           3       0.68      0.67      0.68     11772

    accuracy                           0.57     34364
   macro avg       0.55      0.52      0.53     34364
weighted avg       0.57      0.57      0.57     34364

confusion matrix of default neural network for sentiment
[[1045  647 1489  616]
 [ 274 4617 2024  835]
 [ 694 2130 6036 2185]
 [ 304 1084 2502 7882]]
-------------------------x-------------------------

gridsearch cv neural network sentiment accuracy score :0.570655336980561

gridsearch cv neural network sentiment best parameters:{'activation': 'relu', 'hidden_layer_sizes': [30, 50], 'solver': 'adam'}

classification report of grid search neural network for sentiment
              precision    recall  f1-score   support

           0       0.47      0.27      0.34      3797
           1       0.54      0.61      0.57      7750
           2       0.51      0.51      0.51     11045
           3       0.67      0.70      0.68     11772

    accuracy                           0.57     34364
   macro avg       0.55      0.52      0.53     34364
weighted avg       0.57      0.57      0.56     34364

confusion matrix of grid search neural network for sentiment
[[1032  675 1453  637]
 [ 244 4706 1856  944]
 [ 640 2274 5685 2446]
 [ 297 1126 2162 8187]]
-------------------------x-------------------------
