Naive bayes performance stats

2.1 size of vocab from count vectorizer: 30449
default Naive bayes emotion accuracy score :0.38127109766034223

 classification report of default naive bayes for emotion
                precision    recall  f1-score   support

    admiration       0.45      0.44      0.45      2020
     amusement       0.55      0.30      0.38      1199
         anger       0.37      0.13      0.19      1018
     annoyance       0.19      0.07      0.10      1668
      approval       0.23      0.08      0.12      2259
        caring       0.30      0.07      0.12       713
     confusion       0.32      0.06      0.10      1003
     curiosity       0.39      0.10      0.16      1148
        desire       0.35      0.03      0.05       465
disappointment       0.26      0.04      0.07       950
   disapproval       0.27      0.08      0.12      1544
       disgust       0.35      0.06      0.10       609
 embarrassment       0.45      0.02      0.04       274
    excitement       0.33      0.05      0.08       555
          fear       0.40      0.05      0.08       354
     gratitude       0.74      0.65      0.70      1396
         grief       0.00      0.00      0.00        95
           joy       0.33      0.11      0.17       878
          love       0.64      0.34      0.45      1035
   nervousness       1.00      0.01      0.01       141
       neutral       0.36      0.84      0.51     11045
      optimism       0.49      0.13      0.20       958
         pride       0.00      0.00      0.00       134
   realization       0.30      0.04      0.08       925
        relief       0.00      0.00      0.00       160
       remorse       0.42      0.05      0.09       321
       sadness       0.40      0.07      0.13       776
      surprise       0.37      0.08      0.13       721

      accuracy                           0.38     34364
     macro avg       0.37      0.14      0.17     34364
  weighted avg       0.37      0.38      0.30     34364


 confusion matrix of default naive bayes for emotion
[[ 896   14    3    9   40    1    0    7    1    1   13    1    0    1
     1   52    0   14   35    0  915    6    0    1    0    0    2    7]
 [  54  356    4   14   12    0    0    3    1    0    4    0    0    1
     0    8    0    9    5    0  719    0    0    1    0    0    0    8]
 [  15    4  131   75   10    5    0    1    0    5   14    5    0    0
     0    1    0    3    0    0  738    0    0    4    0    1    4    2]
 [  24   22   43  121   45    4    1    4    0    8   25   14    0    1
     2   10    0    1    4    0 1309    7    0    7    1    0    6    9]
 [ 115   15    6   20  191   10   10    8    2    8   24    3    1    2
     0   18    0    5   13    0 1782   13    0    7    0    0    3    3]
 [  16    0    1    6   13   52    2    1    0    0    3    1    0    0
     0   17    0    5    6    0  568   17    0    0    0    0    4    1]
 [   7    3    3    9   15    0   59   27    0    1    4    1    0    0
     0    4    0    0    0    0  863    1    0    4    0    0    0    2]
 [  22    6    2    6   13    2   17  117    1    1    8    0    0    4
     0    3    0    0    2    0  935    3    0    4    0    0    1    1]
 [  13    3    2    5   12    3    2    1   13    1    0    1    0    1
     0    5    0    3    6    0  377   16    0    0    0    0    0    1]
 [  11    3    3   28   17    3    1    1    2   38   14    6    0    4
     0    4    0    4    2    0  791    2    0    2    0    2   10    2]
 [  23   11   17   52   33    1    9    4    0    3  121    4    2    1
     3    5    0    3    1    0 1240    2    0    3    0    0    5    1]
 [   9    4   20   35   10    0    3    2    1    5   12   36    2    0
     0    3    0    0    0    0  463    1    0    2    0    0    0    1]
 [   7    2    4    8    6    0    1    0    0    0    5    3    5    0
     3    4    0    1    2    0  216    1    0    2    0    1    2    1]
 [  61    5    3    3   11    1    1    6    1    1    3    0    0   27
     0    8    0   49    5    0  358    3    0    2    0    0    0    7]
 [   5    4    1    8    8    4    0    1    0    0    1    2    0    1
    16    1    0    0    0    0  300    0    0    0    0    0    1    1]
 [  73    9    0    2    6    7    0    3    0    0    1    0    0    1
     0  914    0   20    6    0  341    9    0    1    0    3    0    0]
 [   0    0    0    2    1    0    0    0    0    0    0    0    0    0
     1    4    0    0    0    0   84    0    0    0    0    0    3    0]
 [  80   59    4    4   21    3    0    2    1    1    5    0    0    5
     0   20    0  100   22    0  539    3    0    4    0    1    0    4]
 [  89    4    1    4    6    0    0    4    0    0    1    0    0    0
     0    5    0   14  357    0  546    2    0    0    0    1    1    0]
 [   1    2    0    1    8    1    1    0    0    2    3    0    0    0
     1    0    0    0    0    1  117    2    0    1    0    0    0    0]
 [ 321  104   91  174  260   49   69   94   11   50  149   21    0   25
    11   83    0   48   75    0 9256   37    1   42    2    4   27   41]
 [  30    3    1    5   30   16    3    1    2    2    7    0    0    0
     1   15    0    4    3    0  712  123    0    0    0    0    0    0]
 [  17    1    1    1    7    0    0    0    0    0    1    0    0    0
     0    2    0    3    1    0   99    1    0    0    0    0    0    0]
 [  19    8    5   12   23    3    1    2    0    2   13    2    1    2
     1    3    0    3    1    0  774    1    0   40    0    1    2    6]
 [   9    1    1    0    3    4    1    0    0    2    1    0    0    0
     0   10    0    1    0    0  124    0    0    1    0    0    2    0]
 [   1    0    1    5    2    1    0    2    0    1    4    1    0    0
     0   14    0    0    4    0  252    0    0    2    0   17   14    0]
 [   5    4    1   15   12    1    2    1    0   13   13    2    0    0
     0    9    0    4    3    0  622    1    0    0    0    9   58    1]
 [  52    6    9   15   14    3    4   10    1    4    2    1    0    5
     0    7    0    5    1    0  521    0    0    4    0    0    0   57]]

-------------------------x-------------------------

gridsearchCV (alpha value of 0.5) Naive bayes emotion accuracy score :0.3861890350366663

 classification report of grid search naive bayes (alpha value of 0.5) for emotion
                precision    recall  f1-score   support

    admiration       0.44      0.50      0.47      2020
     amusement       0.50      0.44      0.47      1199
         anger       0.31      0.19      0.24      1018
     annoyance       0.20      0.12      0.15      1668
      approval       0.23      0.13      0.16      2259
        caring       0.24      0.15      0.18       713
     confusion       0.29      0.13      0.18      1003
     curiosity       0.35      0.18      0.24      1148
        desire       0.34      0.09      0.15       465
disappointment       0.22      0.08      0.12       950
   disapproval       0.21      0.12      0.15      1544
       disgust       0.37      0.14      0.20       609
 embarrassment       0.44      0.06      0.11       274
    excitement       0.25      0.09      0.14       555
          fear       0.38      0.13      0.19       354
     gratitude       0.69      0.73      0.71      1396
         grief       0.00      0.00      0.00        95
           joy       0.34      0.20      0.25       878
          love       0.60      0.48      0.54      1035
   nervousness       0.25      0.01      0.01       141
       neutral       0.39      0.71      0.50     11045
      optimism       0.41      0.23      0.29       958
         pride       0.29      0.01      0.03       134
   realization       0.21      0.08      0.11       925
        relief       0.10      0.01      0.01       160
       remorse       0.37      0.11      0.16       321
       sadness       0.37      0.19      0.25       776
      surprise       0.31      0.16      0.21       721

      accuracy                           0.39     34364
     macro avg       0.32      0.20      0.22     34364
  weighted avg       0.36      0.39      0.34     34364


 confusion matrix of grid search naive bayes (alpha value of 0.5) naive bayes for emotion
[[1004   22    8   14   54   11    5   10    3    5   15    2    0    9
     1   81    0   29   58    0  646   16    0    4    2    0    2   19]
 [  60  533    9   22   17    5    3    6    5    1    7    0    0    5
     0   11    0   24    9    0  457    3    0    8    0    0    5    9]
 [  20   13  195  114   17    8    4    8    2    9   24   16    0    3
     1    2    0    4    2    0  555    2    0    6    1    1    5    6]
 [  30   33   76  201   64   13   13   20    2   20   60   22    0    8
     3   15    0    4    7    0 1020    8    0   19    1    1   12   16]
 [ 141   27   10   41  290   34   21   15    6   17   43    5    1    7
     5   29    0   13   24    0 1460   29    0   18    0    0   14    9]
 [  18    2    3   14   27  105    3    5    4    4    8    2    0    0
     1   21    0    7   10    0  442   26    0    0    0    3    7    1]
 [  16   10    8   14   14    2  132   68    0    8   15    1    0    2
     1    5    0    2    3    0  675    3    0   14    0    1    4    5]
 [  34   13    3   18   21    7   35  209    3    2   16    1    0    7
     0    5    0    0    5    0  744    6    0    6    0    0    2   11]
 [  13    3    4    5   13   11    5    2   44    5    3    2    0    3
     0    7    0    6    9    0  296   29    0    0    0    1    3    1]
 [  19    9   14   51   27    9    2    3    5   80   24   12    1    7
     3    5    0    6    4    0  610    8    0    8    0    2   35    6]
 [  33   16   27   80   52   10   22    9    0   14  181   13    2    3
     6   11    0    5    5    1  997   12    0   18    0    1   17    9]
 [  15    9   29   49   16    0    9    4    2    9   23   86    2    0
     5    4    0    1    1    0  329    3    1    3    0    0    2    7]
 [   7    3    5   15    7    0    4    3    1    3    7    7   17    0
     4    3    0    3    3    0  171    1    0    5    0    3    2    0]
 [  65    7    6    3   15    1    2   10    2    2    5    1    1   52
     0   11    0   55   14    0  272    6    0    4    0    0    1   20]
 [  10    5    2   11    7    5    3    4    0    2    8   10    0    2
    46    1    0    2    0    0  226    3    0    4    0    1    2    0]
 [  85   10    0    4    8   12    5    4    0    2    4    0    0    6
     1 1017    0   29    9    0  174   17    0    1    0    5    3    0]
 [   0    1    2    2    1    1    1    0    0    0    3    0    0    0
     2    4    0    0    3    0   65    0    0    1    0    1    8    0]
 [  93   92    7    5   34   12    0    5    4    2    8    0    0   14
     1   30    0  174   32    0  334    9    1    6    0    1    3   11]
 [  92    5    2    5   14    3    0    6    1    0    3    0    0    0
     0    5    0   25  501    0  360    6    0    2    0    1    3    1]
 [   1    2    0    3    7    4    1    0    0    2    4    1    0    1
     2    0    1    0    0    1  104    3    0    1    0    0    3    0]
 [ 402  194  176  275  419  124  164  177   34  117  295   41   10   61
    31  110    1   87  114    2 7820   97    3  116    3    7   71   94]
 [  28   10    3   10   50   29   11    4   10    4   12    0    0    1
     2   26    0    5    3    0  525  217    0    3    1    1    0    3]
 [  22    1    2    2    5    1    0    0    0    1    3    0    0    2
     0    5    0    5    1    0   79    3    2    0    0    0    0    0]
 [  26   17    8   22   35   11    6    6    0    9   32    4    3    4
     4    3    0    7    4    0  623    4    0   71    0    3    7   16]
 [  14    3    2    1    8    6    0    0    0    2    4    0    0    1
     0   13    0    4    0    0   95    3    0    2    1    0    1    0]
 [   1    1    1    4    4    7    2    3    0    3    8    2    0    0
     0   23    0    2    4    0  180    3    0    2    0   34   36    1]
 [   4    7    4   18   17    5    2    1    1   27   25    4    2    0
     1   12    0    6    5    0  455    4    0    2    0   25  146    3]
 [  45   11   17   14   16    3    8   17    1    6    7    3    0   12
     1    7    0    8    4    0  413    2    0   13    1    0    0  112]]

-------------------------x-------------------------

default Naive bayes sentiment accuracy score :0.5454545454545454

 classification report of default naive bayes for sentiment
              precision    recall  f1-score   support

   ambiguous       0.42      0.24      0.31      3797
    negative       0.54      0.54      0.54      7750
     neutral       0.48      0.49      0.49     11045
    positive       0.62      0.70      0.66     11772

    accuracy                           0.55     34364
   macro avg       0.52      0.49      0.50     34364
weighted avg       0.54      0.55      0.54     34364


 confusion matrix of default naive bayes for sentiment
[[ 913  618 1428  838]
 [ 281 4164 2087 1218]
 [ 705 1967 5398 2975]
 [ 279  956 2268 8269]]

-------------------------x-------------------------

gridsearch (alpha value of 1) Naive bayes sentiment accuracy score :0.5454545454545454



 classification report of grid search naive bayes (alpha value of 1) for sentiment
              precision    recall  f1-score   support

   ambiguous       0.42      0.24      0.31      3797
    negative       0.54      0.54      0.54      7750
     neutral       0.48      0.49      0.49     11045s
    positive       0.62      0.70      0.66     11772

    accuracy                           0.55     34364
   macro avg       0.52      0.49      0.50     34364
weighted avg       0.54      0.55      0.54     34364


 confusion matrix of grid search naive bayes (alpha value of 1) naive bayes for sentiment
[[ 913  618 1428  838]
 [ 281 4164 2087 1218]
 [ 705 1967 5398 2975]
 [ 279  956 2268 8269]]