Decision tree performance stats

default decision tree emotion accuracy score :0.3563322081247817

 classification report of default decision tree for emotion
              precision    recall  f1-score   support

           0       0.40      0.56      0.47      2020
           1       0.42      0.58      0.48      1199
           2       0.22      0.35      0.27      1018
           3       0.15      0.23      0.18      1668
           4       0.20      0.26      0.22      2259
           5       0.22      0.25      0.23       713
           6       0.24      0.28      0.26      1003
           7       0.32      0.35      0.34      1148
           8       0.27      0.31      0.29       465
           9       0.16      0.19      0.17       950
          10       0.22      0.21      0.22      1544
          11       0.25      0.19      0.22       609
          12       0.18      0.15      0.16       274
          13       0.19      0.19      0.19       555
          14       0.39      0.38      0.39       354
          15       0.73      0.73      0.73      1396
          16       0.20      0.16      0.18        95
          17       0.30      0.26      0.28       878
          18       0.58      0.52      0.55      1035
          19       0.11      0.10      0.11       141
          20       0.50      0.42      0.46     11045
          21       0.41      0.22      0.29       958
          22       0.24      0.06      0.10       134
          23       0.18      0.07      0.10       925
          24       0.14      0.07      0.09       160
          25       0.37      0.27      0.32       321
          26       0.37      0.18      0.24       776
          27       0.36      0.21      0.26       721

    accuracy                           0.36     34364
   macro avg       0.30      0.28      0.28     34364
weighted avg       0.37      0.36      0.36     34364


 confusion matrix of default decision tree for emotion
[[1137   33   14   43  115   22   13   14   14   14   24    9    1   48
     6   78    1   39   72    1  249   20    5   11    6    2    9   20]
 [  66  690   26   45   29   11   12   12    7    4   22   11    2   11
     0   12    0   45   18    1  157    3    0    3    2    3    2    5]
 [  19   23  354  167   30    8   14   14    3   37   51   22    9    3
    12    1    1    4    2    2  213    1    0    6    1    0   13    8]
 [  44   72  205  387  116   23   42   39   12   82   98   41   15   11
     7   11    2   11    6    7  374   13    1   17    3    3   11   15]
 [ 204   55   58  145  581   49   41   36   34   47   81   13    9   31
    14   22    1   27   25    7  680   35    2   23    9    5   13   12]
 [  40   13   30   38   75  177    6   13   13   16   21    2    1    6
     6   17    3   14   12    5  158   21    0    4    7    4   10    1]
 [  22   25   24   56   49   14  285  128    7   17   34    8    7    9
     4    3    0    7    5    3  273    6    0    6    2    2    3    4]
 [  34   31   32   54   53   14  155  404    7   13   20    4    3   16
     3    2    0    3    3    0  270   10    1    4    3    0    0    9]
 [  13   10    9   19   41    9    8   17  145   10   14    3    1   11
     2    5    1    6    8    2   99   28    0    2    0    1    1    0]
 [  16   25   45  117   64   24   16   14   17  176   66   25   12   10
     8    5    7    9    5   10  196    8    0   10    1    6   48   10]
 [  37   34  104  194  113   26   57   24   11   82  330   27    6    9
     5    6    1   11    8    1  397    9    0   20    0    7   12   13]
 [  10   13   87  104   28    3   14    7    5   26   45  118    8    2
    12    2    2    0    2    2  104    3    1    3    0    0    4    4]
 [   6    7   17   43   13    3    4    6    3   17   10   15   42    0
     4    2    2    0    3    4   52    1    1    3    0    7    2    7]
 [  68   29   13   22   44    4    7   27   12    6    5    1    0  103
     0    7    0   45   15    2  121    5    0    1    0    3    0   15]
 [   4    6    7   33   18    8    6    9    2   12    7   15    1    2
   136    0    1    1    1    8   61    1    0    4    0    0    6    5]
 [ 110   10    6   25   35   20    4    6    6    6    4    2    1   14
     1 1015    0   31    9    0   55   15    0    3    1   13    2    2]
 [   5    2    4    8    6    0    1    3    1    3    1    1    2    0
     3    3   15    1    1    0   22    0    1    2    0    5    4    1]
 [ 104  116   11   21   60   21    1   12    9    6   10    3    2   41
     2   37    0  227   38    1  115   10    2    7   11    4    0    7]
 [ 144   15    4   14   57   15    9    9   20    4   13    4    2   13
     3    9    0   57  542    1   92    4    0    2    0    1    1    0]
 [   4    2    7   15   11    6    2    4    1   12   10    2    3    2
    10    0    1    1    0   14   25    0    0    4    0    1    3    1]
 [ 551  337  421  775 1041  232  411  376  146  295  494  122   73  133
    84   84   23  152  134   39 4692   98    6  126   18   23   57  102]
 [  77   24   12   40   97   50   20    8   47   20   22    5    2   16
     2   25    2   11    7    2  234  215    3    6    1    1    5    4]
 [  26    2    2    3   22    4    1    1    1    2    1    1    0    2
     0    4    1    9    0    0   39    2    8    1    0    0    1    1]
 [  40   34   23   80  104   16   29   17    6   40   49    6    7   14
     7    5    1   12    9    4  315    5    2   64    0    7   14   15]
 [  14    3    2    8   23    6    1    0    2    8    4    0    1    3
     1   10    0    7    3    1   45    3    0    2   11    0    2    0]
 [   2    6    2   21   14   18    8    8    5   26   16    0    7    2
     0   16    1    1    2    1   57    0    0    4    0   88   16    0]
 [  10   10   33   64   45   25    6    9    7   93   37   15   12    4
    10    7    8    5    7    5  163    3    0    6    0   49  140    3]
 [  55   27   26   45   49    7   32   46    1   16   23    5    7   35
     6    7    1   11    2    0  147    3    0   17    0    1    3  149]]

-------------------------x-------------------------

gridsearchCV decision tree emotion accuracy score :0.41584216040041905

gridsearchCV decision tree emotion best parameters :{'criterion': 'gini', 'max_depth': 50, 'min_samples_split': 2}

 classification report of grid search decision tree for emotion
              precision    recall  f1-score   support

           0       0.47      0.39      0.43      2020
           1       0.51      0.56      0.53      1199
           2       0.36      0.19      0.25      1018
           3       0.16      0.03      0.05      1668
           4       0.24      0.04      0.07      2259
           5       0.20      0.06      0.09       713
           6       0.41      0.11      0.18      1003
           7       0.44      0.07      0.12      1148
           8       0.37      0.19      0.25       465
           9       0.16      0.03      0.05       950
          10       0.23      0.04      0.06      1544
          11       0.32      0.11      0.17       609
          12       0.23      0.03      0.05       274
          13       0.26      0.06      0.10       555
          14       0.56      0.15      0.24       354
          15       0.79      0.72      0.76      1396
          16       0.38      0.03      0.06        95
          17       0.34      0.20      0.25       878
          18       0.62      0.52      0.57      1035
          19       0.00      0.00      0.00       141
          20       0.40      0.88      0.54     11045
          21       0.54      0.23      0.32       958
          22       0.00      0.00      0.00       134
          23       0.12      0.00      0.01       925
          24       0.19      0.04      0.06       160
          25       0.38      0.35      0.36       321
          26       0.51      0.11      0.18       776
          27       0.38      0.15      0.21       721

    accuracy                           0.42     34364
   macro avg       0.34      0.19      0.21     34364
weighted avg       0.38      0.42      0.34     34364


 confusion matrix of grid search decision tree for emotion
[[ 779   29   12   11   26    9    4    6    3    3    4    2    0   16
     2   47    1   36   59    1  911   16    3    3    4    3    4   26]
 [  33  674   12   14    8    7    3    1    2    0    9    5    0    4
     0    9    0   17   16    0  370    2    0    0    1    1    0   11]
 [  12   13  194   37    5    2    3    3    1    9   17    6    0    2
     3    2    0    2    1    0  696    2    0    0    1    2    1    4]
 [  13   43   74   55   13    1    8    7    7    8    7   25    2    0
     1    9    0    4    6    0 1357    6    0    4    1    5    2   10]
 [ 107   30   11   20   96   14   11    6   10    7   12    8    0    7
     3   11    0   15   21    1 1831   15    0    3    3    4    7    6]
 [  17   10    9    4    8   41    3    3    7    5    2    1    0    1
     0   10    0   15    7    0  539   17    0    0    1    6    6    1]
 [  12   22    7   11    6    2  113    8    3    1    2    3    0    1
     0    1    0    8    4    0  793    0    0    0    2    1    0    3]
 [  14   22    8    5    5    2   17   79    3    2    0    4    0    5
     1    2    0    3    3    0  958    4    0    1    2    0    1    7]
 [  10    4    1    0    8    1    3    2   90    6    3    0    0    2
     1    2    1    4    8    0  295   23    0    0    0    1    0    0]
 [  13   18   13   12   13    7    4    0    8   25   12   18    2    2
     3    3    1    6    3    0  756    6    0    0    2    8   13    2]
 [  19   24   20   19   22    6   18    5    2   11   57   10    0    3
     0    6    0    8    7    0 1282    2    0    2    0    8    5    8]
 [   6    6   30   17    3    2    3    1    2    3    5   69    1    2
     1    1    0    2    1    0  449    2    0    0    0    1    2    0]
 [   3    5    4    5    1    0    0    2    0    3    0    7    7    0
     0    1    0    0    3    0  222    1    0    0    0    8    1    1]
 [  35   12    6    3    6    1    1    2    6    2    1    0    0   35
     0    9    0   32   13    0  362    2    0    1    0    1    0   25]
 [   3    9    1    2    2    1    0    0    1    1    0    3    0    0
    53    0    0    0    0    0  275    1    0    0    0    1    0    1]
 [  73    8    3   13   10   14    2    2    6    2    1    2    0    7
     0 1010    0   39    9    0  154   18    0    3    0   19    1    0]
 [   5    0    1    1    0    0    0    0    0    0    1    0    1    0
     0    2    3    2    2    0   69    0    0    1    0    5    2    0]
 [  68  103    6    4   10   18    1    4    2    1    3    2    0   11
     1   20    0  173   33    0  393    6    1    0    7    4    0    7]
 [  72   11    7    5   16    4    4    5   13    1    6    4    0    5
     4    7    0   34  535    0  292    4    0    1    0    2    2    1]
 [   3    2    3    5    1    0    0    0    0    2    1    3    0    0
     2    0    0    0    0    0  117    2    0    0    0    0    0    0]
 [ 229  210   88   64   81   31   57   28   41   30   75   32    7   17
    12   66    1   65  103    1 9676   46    0    4    1   32   16   32]
 [  50   21    2   11   17   13    8    2   28    1    5    4    1    1
     1   19    0    9    6    0  534  216    0    1    0    0    5    3]
 [  16    3    0    0    4    2    1    0    1    0    0    0    0    1
     0    2    0    8    0    0   94    1    0    0    0    0    1    0]
 [  14   22    6    9   13    3    5    1    0    3    7    4    0    3
     5    5    0    6    7    0  777    1    0    4    0    9    2   19]
 [   9    1    0    0    6    1    1    0    1    0    0    0    1    0
     1    7    0   10    1    0  112    2    0    1    6    0    0    0]
 [   0    5    1    2    7    5    0    1    3    5    2    0    3    2
     0    9    0    0    2    1  153    0    0    0    0  111    9    0]
 [   7    3    8   15    9   11    0    1    5   23    5    2    5    2
     1    6    1    1    5    0  516    1    0    0    0   63   84    2]
 [  21   11   15   10    2    2    9   10    1    2    8    1    0    5
     0    6    0    5    2    0  500    1    0    5    0    0    0  105]]

-------------------------x-------------------------

default decision tree sentiment accuracy score :0.5395472005587243

 classification report of default decision tree for sentiment
              precision    recall  f1-score   support

           0       0.35      0.47      0.40      3797
           1       0.50      0.60      0.55      7750
           2       0.50      0.46      0.48     11045
           3       0.70      0.59      0.64     11772

    accuracy                           0.54     34364
   macro avg       0.52      0.53      0.52     34364
weighted avg       0.56      0.54      0.54     34364


 confusion matrix of default decision tree for sentiment
[[1791  616  899  491]
 [ 825 4639 1587  699]
 [1616 2565 5132 1732]
 [ 835 1381 2577 6979]]

-------------------------x-------------------------

gridsearchCV decision tree sentiment accuracy score :0.491066232103364

gridsearchCV decision tree sentiment best parameters :{'criterion': 'gini', 'max_depth': 50, 'min_samples_split': 2}

 classification report of default decision tree for sentiment
              precision    recall  f1-score   support

           0       0.41      0.13      0.20      3797
           1       0.51      0.30      0.38      7750
           2       0.40      0.79      0.53     11045
           3       0.77      0.45      0.57     11772

    accuracy                           0.49     34364
   macro avg       0.52      0.42      0.42     34364
weighted avg       0.55      0.49      0.47     34364


 confusion matrix of default decision tree for sentiment
[[ 508  358 2610  321]
 [ 206 2347 4781  416]
 [ 309 1164 8749  823]
 [ 218  758 5525 5271]]