
Q3 emotion metrics
classification report of base neural network

              precision    recall  f1-score   support

           0       0.35      0.26      0.30      2020
           1       0.49      0.05      0.08      1199
           2       0.21      0.00      0.01      1018
           3       0.60      0.00      0.00      1668
           4       0.00      0.00      0.00      2259
           5       0.35      0.01      0.02       713
           6       0.00      0.00      0.00      1003
           7       0.25      0.04      0.08      1148
           8       0.00      0.00      0.00       465
           9       0.60      0.00      0.01       950
          10       0.25      0.00      0.00      1544
          11       0.30      0.02      0.04       609
          12       0.00      0.00      0.00       274
          13       0.45      0.02      0.03       555
          14       0.00      0.00      0.00       354
          15       0.52      0.18      0.27      1396
          16       0.00      0.00      0.00        95
          17       0.31      0.00      0.01       878
          18       0.47      0.20      0.29      1035
          19       0.00      0.00      0.00       141
          20       0.34      0.95      0.50     11045
          21       0.50      0.01      0.01       958
          22       0.00      0.00      0.00       134
          23       0.00      0.00      0.00       925
          24       0.00      0.00      0.00       160
          25       0.00      0.00      0.00       321
          26       0.33      0.03      0.05       776
          27       0.00      0.00      0.00       721

    accuracy                           0.34     34364
   macro avg       0.23      0.06      0.06     34364
weighted avg       0.30      0.34      0.21     34364


classification report of grid search neural network

              precision    recall  f1-score   support

           0       0.37      0.22      0.27      2020
           1       0.48      0.04      0.07      1199
           2       0.00      0.00      0.00      1018
           3       0.00      0.00      0.00      1668
           4       0.00      0.00      0.00      2259
           5       0.00      0.00      0.00       713
           6       0.00      0.00      0.00      1003
           7       0.29      0.02      0.03      1148
           8       0.00      0.00      0.00       465
           9       0.00      0.00      0.00       950
          10       0.00      0.00      0.00      1544
          11       0.42      0.02      0.03       609
          12       0.00      0.00      0.00       274
          13       0.00      0.00      0.00       555
          14       0.00      0.00      0.00       354
          15       0.43      0.21      0.28      1396
          16       0.00      0.00      0.00        95
          17       0.00      0.00      0.00       878
          18       0.48      0.19      0.27      1035
          19       0.00      0.00      0.00       141
          20       0.33      0.96      0.50     11045
          21       0.00      0.00      0.00       958
          22       0.00      0.00      0.00       134
          23       0.00      0.00      0.00       925
          24       0.00      0.00      0.00       160
          25       0.00      0.00      0.00       321
          26       0.32      0.03      0.05       776
          27       0.00      0.00      0.00       721

    accuracy                           0.34     34364
   macro avg       0.11      0.06      0.05     34364
weighted avg       0.20      0.34      0.20     34364

best parameter for grid search:{'activation': 'relu', 'hidden_layer_sizes': [30, 50], 'solver': 'adam'}


----------------------------x---------------------------

Q3 sentiment metrics
classification report of base neural network

              precision    recall  f1-score   support

           0       0.43      0.04      0.07      3797
           1       0.42      0.34      0.38      7750
           2       0.41      0.54      0.46     11045
           3       0.52      0.58      0.55     11772

    accuracy                           0.45     34364
   macro avg       0.45      0.37      0.36     34364
weighted avg       0.45      0.45      0.43     34364


classification report of grid search neural network

              precision    recall  f1-score   support

           0       0.35      0.10      0.16      3797
           1       0.45      0.25      0.32      7750
           2       0.40      0.56      0.47     11045
           3       0.52      0.60      0.55     11772

    accuracy                           0.45     34364
   macro avg       0.43      0.38      0.38     34364
weighted avg       0.45      0.45      0.43     34364

best parameter for grid search:{'activation': 'relu', 'hidden_layer_sizes': [30, 50], 'solver': 'adam'}


----------------------------x---------------------------
